0                            48
1                          1151
102                          23
106                          23
122                          23
130                          23
134                          23
139                          23
144                          23
15                           23
1500                         24
157                          23
160                          23
182                          23
186                          23
1887                         24
19                           23
1911                         46
192                          23
198                          23
2                            96
20                          24
2001                         24
2017                         22
202                          23
208                          23
211                          23
215                         23
221                          23
230                          23
236                          23
240                          23
243                          23
249                          23
257                          23
26                           22
264                         23
27                           23
275                          23
283                          23
287                          23
293                          23
294                          24
299                          23
3                           360
30                           47
302                          23
4                           168
42                           23
4557                         24
49                           23
5                            96
5,000                        24
50                           24
501                          48
53                           23
54437                        94
56                           23
596                          24
6                            48
60                          24
61                           23
6221541                      24
64                           24
65                           23
7                            72
71                           23
76                           23
8                           141
801                          24
809                          24
82                           24
83                           23
84116                        24
89                           23
9                            72
90                           48
99712                        24


